Breast cancer Lung cancer 
Coeffecients: 
Model 0: 
[[ 0.07801389 -0.00118059  0.03033173 -0.00247215 -0.00339749 -0.00094233
  -0.00043522  0.00969722  0.00341198  0.05519017 -0.00054361  0.00149198]]
Model 1: 
[[ 0.03817277  0.00498863  0.03900823  0.00149151 -0.00030597 -0.00045863
  -0.00062666  0.00041727  0.00264443  0.0490408   0.00531684 -0.00577445]]
Model 2: 
[[ 2.41772374e-02  1.01972532e-02  2.55356488e-02  3.17807857e-04
  -3.38560240e-04 -3.82882177e-04  4.82790768e-05 -2.30691818e-04
   2.33169178e-03  4.93687029e-02  8.45119844e-03 -2.22408236e-04]]
Model 3: 
[[ 0.04437457  0.00742364  0.03503226 -0.00159987 -0.00109529 -0.00066406
  -0.0006179  -0.0002133   0.00227253  0.04366819  0.00708334 -0.01242836]]
Model 4: 
[[ 0.03606586  0.00094193  0.0246595   0.00072525 -0.00082526 -0.00064033
  -0.0007788  -0.0001226   0.00268826  0.0447193   0.00334466 -0.00308716]]
Permutation Importance: 
T->A: 
(0, 0.10373482726423902, 0.019332241227163136)
(1, 0.07880485527544355, 0.018378614028484917)
(2, 0.09253034547152188, 0.017884568505021233)
(3, 0.13632119514472454, 0.017527843182457238)
(4, 0.14681647940074907, 0.01719280628393135)

A->T: 
(0, 0.043977591036414514, 0.014629430905620513)
(1, 0.054435107376283876, 0.016215613989623977)
(2, 0.02651727357609708, 0.012851279577281242)
(3, 0.08515406162464988, 0.01514678524884681)
(4, 0.05215355805243448, 0.014317272411367139)

